0
0
0
0
0
0
0
0
0
0
0
0
0
0
0
0
0
0
0
0
0
1
1
0
2
7
19
35
53
59
62
57
56
62
151
794
3186
7595
12226
14929
15000
13192
10398
7615
5287
3551
2318
1521
1015
695
490
369
289
244
203
171
145
124
107
91
82
77
72
92
113
132
141
131
115
93
74
54
43
33
28
24
23
19
19
19
19
19
18
18
20
19
20
20
19
23
21
25
24
30
33
39
43
52
57
61
68
77
83
89
97
98
97
94
88
79
65
56
45
35
29
23
19
16
15
10
11
9
9
9
8
7
7
7
5
5
4
5
4
4
4
0
0
0
0
0
0
0
0
0
0
0
0
0
0
0
0
0
0
0
0
0
0
0
0
0
0
0
0
0
0
0
0
0
0
0
0
0
0
0
0
0
0
0
0
0
0
0
0
0
0
0
0
0
0
0
0
0
0
0
0
0
0
0
0
0
0
0
0
0
0
0
0
0
0
0
0
0
0
0
0
0
0
0
0
0
0
0
0
0
0
0
0
0
0
0
0
0
0
0
0
0
0
0
0
0
0
0
0
0
0
0
0
0
0
0
0
0
0
0
0
0
